5435559
6440114
5799851
1158113
7353746
1857990
37597
2229143
9343721
1483883
9872840
3881693
7690960
2388952
2155927
4931381
767414
9047862
2121869
2203001
2859657
2212190
2866269
733648
7380433
4549800
6172563
5264691
4847200
360087
5508777
3462349
7583567
1762849
1240474
5300755
7484238
9158937
147606
2348079
5381382
9473746
6186494
5315356
560087
1719963
7104171
8159362
6792834
5753917
1990850
2274988
6897703
6750257
8147270
4869222
1272253
4882540
1747237
1477981
7114824
6972756
5691619
3768661
4117263
4460670
9778657
265458
9297812
9944263
2856384
9441090
8340211
2755450
3976529
1737767
3314796
2560623
9735253
9511796
6979650
8813497
7964614
1640483
1994647
3038081
3729626
2586481
9328452
382513
2189355
4084017
3898368
6659904
4296464
1292964
7055113
7180177
5538142
4260917
4909450
4077329
4962391
9840087
8694800
9549407
1587124
8824899
8369762
3453886
7955583
8007903
3486727
5039024
6080072
7095694
5987533
242173
9307016
5983188
8034384
7948893
4739906
8753760
4243994
882137
4772647
6954365
1765229
9378615
3014414
6188924
3525237
9209927
9428065
6879884
9666360
7818810
1857737
2167015
9705860
6866388
6287207
3344127
3272772
2824071
6149191
5978559
410959
1494234
1796673
7914902
3384715
6806641
4850976
3733588
683011
9012997
8557214
8916584
490761
2489893
4506336
966625
5280248
8760793
8123963
4032969
1373112
6060639
179742
8215923
7333055
2791962
9236955
4653899
2871727
8559379
440647
2741003
5584955
3119666
9333514
6379734
6283817
547513
5492390
2042557
4944761
3192492
9694061
2597710
8375288
7590591
47802
7348790
7576446
2394126
7072902
544269
7480677
6596680
5053073
7732248
4253292
4855158
7165573
1767407
5668156
5548881
4861454
8021207
8202884
6366089
7764291
1403116
446162
1671079
8958349
6169676
6169518
5680592
1953073
3179967
1988211
5565989
9839364
8250080
3920567
8998096
4194100
9565911
4352471
1364543
1142863
1732696
5923390
8914755
4656871
8971355
1672640
5425702
2638616
215878
1419330
1631859
9641722
4422565
2796705
8625740
1174079
5271164
1621370
8710762
8449266
619484
350137
9776070
9179882
3567311
5262011
2163371
9547314
8791998
2700091
208674
4836085
9937316
2217930
4167278
1386858
1268738
9797163
2068191
500759
9552504
7437982
5194580
5718641
172455
6371282
5349743
8502459
4867720
9901111
6843467
3761928
7156059
8458275
1221547
5898160
5501717
3830734
8161622
8076987
3593363
1733708
1671372
2298193
1716775
1892147
6750512
5492884
3138598
2630509
8015922
7359775
4661634
2599535
8439621
8942130
1068772
5716997
3312194
7050676
9041788
6659140
1819692
8553759
7322922
3311829
6209866
284589
6381219
9475140
6424045
4856380
2652339
5812456
6283805
29760
9539610
9544819
5847022
9442784
9795795
3713643
3385725
5492463
1649130
4969574
9588632
947668
4093888
4792613
6054076
4476855
5134824
2808340
9914457
6690013
456507
2437378
6521235
7522784
8982692
8499969
2519874
2831718
6097527
3594824
2357027
7923122
4919508
5081160
2287662
8404016
950775
7315111
7287684
4222169
5668442
4426467
7928060
1053262
181326
7368942
6229266
4296702
944556
5236974
1790333
4857635
5706207
4914278
2074628
2621232
9354226
5004187
3634896
3066331
6138561
9689047
4272989
4819020
6862560
5675708
9655094
1112800
7069326
706427
1741169
6100425
4992868
5249253
537665
7753597
6100520
9929239
5145545
2690148
4422256
21580
4850954
4684406
9544152
4900048
6093807
7844924
2137394
4718882
6549970
7484791
200870
8803495
3275560
6563234
2814533
235219
7887310
3243260
8132356
8937460
8090841
5588593
7587823
1205537
1519032
2714171
8841586
7069588
4805622
7807986
5870003
8139851
8094539
7358080
5774966
7655760
2773339
2647001
8389519
1345146
8119541
4117058
6560446
2397066
761538
6563229
2108135
6361551
9381133
3276567
4895648
2111834
5922672
239504
183104
3139376
3724091
7265437
2500086
9399295
2448141
1578514
2637950
3683539
9467404
745529
8045535
8071430
7444606
6100391
5905936
5391974
8250152
4842615
2478613
7829570
4071670
8844796
1910279
9814564
7595747
870077
2649632
5162305
4479960
4379095
9845152
